1 7 11951 11954 11783 11790 11785 13986 13970 
1 5 13970 14001 11798 11784 11796 
1 5 13970 14000 13989 11422 11428 
1 9 14391 14362 14429 14371 14403 14388 14413 14397 14380 
1 11 14391 14422 14410 14369 14398 14414 14418 14405 14384 10005 10026 
1 7 17298 17289 17791 17796 17792 19540 19539 
1 7 14318 13957 13962 13961 13947 13952 14931 
1 6 2335 2368 2333 3831 3808 3839 
1 6 1493 1497 1499 872 880 1697 
1 9 10762 10754 10784 10779 10767 14914 14903 14923 14904 
1 8 2421 2384 2415 2397 2244 2279 3551 3532 
1 5 3532 3547 2262 2272 2274 
1 7 2421 2387 2423 2386 3441 3391 3411 
1 6 3411 3430 3434 3403 3442 3123 
1 9 2274 2245 2270 2282 2283 2258 2188 2219 2202 
1 9 3123 3097 2972 2951 2949 2965 2960 3672 3645 
1 8 2202 2183 2205 3524 3098 3066 3100 3516 
1 6 974 953 961 394 382 789 
1 14 14546 14563 9913 9904 9909 9907 9916 13200 13199 13031 13045 13032 13046 13030 
1 8 6678 6676 6665 6684 7006 6991 6997 7011 
1 12 7011 6993 7017 6988 7014 6990 5140 5158 7797 7795 7814 7788 
1 7 7788 7810 7809 5162 5155 5150 5145 
1 10 16512 16526 16493 16502 16513 16492 16522 18920 18932 18927 
1 8 18927 18944 18923 18930 18935 19240 19236 19238 
1 6 10819 10829 10801 10813 10796 12313 
1 6 12313 14159 14183 14170 14178 14162 
1 9 14162 14177 14155 14176 14164 13806 13813 13810 13799 
1 10 4969 4980 4973 4959 4941 4965 4974 4927 8036 8065 
1 7 13027 13018 12998 13002 13001 13024 12534 
1 6 12534 12544 12535 12624 12612 12630 
1 7 12630 12609 12620 9875 13148 13143 13135 
1 9 12630 12622 12609 12620 9874 9862 9873 9857 9870 
1 6 182 201 199 180 190 1291 
1 3 17905 17908 17887 
1 7 16144 16146 16155 16231 16229 15790 15781 
1 10 15781 16230 16226 15085 15059 15077 15058 15086 15075 15068 
1 7 16660 16659 17335 17346 17341 17352 17343 
1 10 12738 12712 12760 12756 12733 10917 10909 10907 12080 12085 
1 5 12085 12076 9846 9841 9817 
1 5 12085 12082 9823 9831 12797 
1 10 4615 4630 4617 4623 8513 8508 8503 8521 8511 8526 
1 9 12257 12232 12252 12263 12244 12254 12246 11587 11598 
1 11 11598 11594 11586 11589 11605 11604 11583 13466 13468 13481 13474 
1 7 13474 13475 13461 10075 10054 10077 10059 
1 10 5412 5451 5423 5453 5434 6907 6895 6901 6898 6892 
1 6 6892 6909 6890 6914 6887 4851 
1 7 4851 8572 8566 8578 8581 8563 8588 
1 10 8588 8564 4252 4242 4249 4263 4253 4261 4245 4271 
1 6 1573 1548 1522 718 713 726 
1 20 14659 14665 14673 14633 14678 14639 14670 14636 14651 14684 14106 14109 14102 14111 14114 11302 11310 11300 11315 11305 
1 13 10090 10116 10087 10105 10130 10097 10103 10079 10865 10881 10901 10903 10891 
1 7 10891 10870 10898 10878 10892 12860 12856 
1 13 10090 10122 10119 10111 10099 10110 10108 12211 12222 12213 12217 12225 12212 
1 13 12212 12226 12228 12220 12216 12215 12221 14121 14138 14131 14122 14139 14119 
1 14 1782 1805 1777 1773 1820 1792 1794 615 915 913 908 917 938 910 
1 9 17732 17750 17731 17741 19536 19530 19527 19524 19277 
1 8 6617 6570 6577 6600 6568 6591 6572 7322 
1 6 6617 6586 6567 6125 6135 6132 
1 6 7322 7341 7346 7327 9256 9248 
1 5 6482 6325 6319 6315 6312 
1 24 6482 6499 6498 6459 6488 6470 6461 6460 6468 6153 6171 6143 6158 6147 8552 8539 8595 8594 8609 8608 8614 8610 4316 4313 
1 4 13430 13415 13401 12096 
1 6 12096 12115 13632 13640 13616 13629 
1 11 17848 17834 17835 17851 16327 16334 16332 16320 18297 18284 18315 
1 3 16003 15000 14996 
1 7 16003 15964 16244 16235 16245 16254 16234 
1 7 10733 10751 14858 14865 14859 11676 11662 
1 8 10733 13654 13647 13659 13656 12286 12289 12270 
1 9 12270 12276 12290 11386 11371 11370 11375 11365 11377 
1 9 15840 15272 15280 15255 15259 15274 15288 15264 15287 
1 5 15287 15297 15320 15306 15296 
1 6 15287 15258 15459 15472 15437 15443 
1 8 15443 15448 15097 15098 15094 15099 15091 15106 
1 5 15106 15903 15914 15917 15911 
1 5 4535 4554 4543 4536 7481 
1 7 4535 4542 8916 8912 8923 8921 8917 
1 7 7481 7467 7269 7266 7259 7257 7279 
1 10 13749 13717 13750 13733 13746 13740 13716 13737 13341 13343 
1 4 13749 10313 10325 10308 
1 6 13343 10997 10976 10981 11001 10989 
1 5 10973 10961 10952 11818 11819 
1 11 10973 10966 10954 12581 12567 12574 12570 12578 11113 11110 14897 
1 5 14897 11110 11102 12057 12073 
1 6 312 352 313 362 317 2 
1 6 9333 9353 9331 7551 7564 7537 
1 6 7537 7541 7563 4135 4117 4136 
1 8 7537 7538 7548 7986 7980 7974 7972 7984 
1 11 5192 5176 5175 5337 5345 5349 5338 7877 7883 7893 7878 
1 8 9725 9742 9753 13570 13564 13573 13553 13577 
1 10 13577 13552 13559 13565 12145 12148 12162 12143 12147 12153 
1 8 7647 7056 7044 7064 7050 7068 7059 6280 
1 5 6966 3926 3936 3931 3943 
1 5 3943 9637 9635 9636 9639 
1 9 8856 8825 8462 8457 5747 5698 5742 5744 5717 
1 12 8856 8824 8842 8830 8832 8835 8469 8465 8460 9663 9661 9668 
1 4 9668 9664 6359 6354 
1 10 11145 11146 11131 11144 11148 11142 10848 10833 10850 13300 
1 4 13300 10836 10841 10858 
1 14 15216 15149 15152 15196 15184 15204 15163 15194 15198 15388 15383 15414 15396 15412 
1 13 15412 15399 15400 15408 15326 15334 15329 15335 15376 15366 15367 15375 15373 
1 11 3037 3044 3034 3043 3033 2873 2857 2827 2855 2844 2885 
1 11 4051 4067 4033 4061 4048 4047 8672 9576 9555 9557 9582 
1 11 9582 9557 9555 9576 8672 8641 8638 8667 8640 8654 8624 
1 12 4051 4036 4045 4046 4026 6084 6058 6060 6089 6085 6088 6071 
1 6 6071 6096 6083 5083 5080 8775 
1 7 6071 9162 9172 9174 9158 5072 5092 
1 5 5092 5088 5074 5087 9506 
1 18 19342 19355 19341 19315 19331 19349 16490 16467 16488 16466 16486 16471 18638 18647 18622 18627 18625 18635 
1 4 533 520 1476 1484 
1 11 10270 10218 10240 10257 10225 10279 10216 11023 11015 11030 11018 
1 3 16028 16010 11922 
1 5 10350 10339 10359 12807 12823 
1 3 12823 12873 12884 
1 10 10350 10349 10333 10342 10334 10358 10366 11987 12003 11997 
1 7 11997 12648 12656 12640 12646 12663 12649 
1 8 5012 5011 5014 5008 6261 6268 6271 8322 
1 7 4603 4579 9283 9263 9277 4211 4195 
1 6 4195 4229 4209 4217 4853 4892 
1 7 4892 4861 6199 6197 6211 6194 6213 
1 8 4892 4876 5313 5316 5303 5306 5312 5323 
1 8 5501 5467 5485 5494 5480 5478 5506 5525 
1 5 5525 5523 6000 6014 6004 
1 6 5501 5505 7841 7844 7836 7821 
1 4 17709 19064 19070 19061 
1 3 19061 19065 18600 
1 8 10396 10393 10385 10374 11886 11868 11876 11873 
1 9 17169 17160 17157 17156 17381 17409 17395 16362 16347 
1 4 10448 10466 11068 11081 
1 8 11081 11058 11060 13892 13888 13885 13899 13905 
1 5 14056 14062 14047 12698 12692 
1 5 12692 12703 9972 9981 9993 
1 5 12692 12693 12695 13770 13777 
1 6 9993 9971 9968 13062 13064 13065 
1 9 9993 9978 9975 9970 9986 13063 13265 13241 13262 
1 7 4748 4755 7175 7184 4992 4990 4995 
1 6 4000 3980 3959 3986 3950 9308 
1 10 9308 9302 8705 4379 4388 4360 4370 4390 4367 7521 
1 5 13662 13682 13672 13674 16380 
1 13 4693 4658 4695 4677 4683 4646 8402 8389 8377 8392 6221 6225 6235 
1 13 6235 6226 6230 6246 6242 6234 6229 6238 6233 5368 5366 5401 5404 
1 5 5658 5648 5680 5637 6635 
1 10 5658 5668 5643 5662 5645 6624 6641 8068 8100 8082 
1 8 6635 5637 5655 6425 6402 6408 6416 6423 
1 4 6423 6424 6417 4160 
1 4 6423 6411 5249 5272 
1 4 98 59 52 8884 
1 14 3301 3262 3307 3242 3245 3236 3313 3207 3303 3288 3247 3320 3254 18500 
1 11 2660 2694 2689 2696 2676 2656 2684 2586 2620 2558 2618 
1 15 11563 12585 12600 12602 13844 13851 13591 13597 13592 13600 14829 14796 14822 14793 14816 
1 14 14816 14797 14815 14831 14807 14708 14722 14713 14694 12032 12020 12013 12019 12027 
1 5 8295 8313 8287 8257 6736 
1 12 8295 8311 8303 8252 8296 8268 8309 8253 8301 8261 8277 11327 
1 6 5098 7919 7912 7905 7930 7906 
1 10 5098 5132 5101 5134 9117 9096 9101 9088 9084 9086 
1 6 9086 4281 4299 4284 4301 4288 
1 6 7906 7913 9540 9537 5600 5597 
1 12 12472 12493 12504 12503 12487 12490 12468 12478 9770 9771 9779 9764 
1 3 9764 12419 12555 
1 53 12555 12550 12414 12428 12432 12422 14435 14433 14440 14430 14432 14444 14439 12433 12431 12418 12430 12417 12425 12415 12421 14431 14446 14438 14442 14436 14445 14441 14437 14443 14447 14434 12420 12434 12429 12424 12423 12419 12426 12555 12566 12557 12561 12548 12549 12556 10631 10617 10624 10619 10640 10636 10625 
1 10 468 480 495 482 1664 1676 1674 1421 1436 1423 
1 5 15529 15508 15526 16286 16269 
1 10 19190 19221 19201 19195 18973 18956 18964 18958 18970 18952 
1 9 7775 7755 7289 7299 7311 7305 7300 7310 7291 
1 5 14505 10166 10168 11456 11449 
1 9 14505 14516 14494 12381 12380 12392 12378 12379 12393 
1 13 19617 19637 18444 18464 17658 17643 17650 17661 17648 17660 17645 17663 18904 
1 3 16224 16203 15351 
1 6 16224 16184 16195 16194 16187 15125 
1 8 15125 15133 15127 15144 15124 15142 15502 15498 
1 6 15498 15475 15563 15557 15555 15554 
1 7 15554 15574 15581 15569 15553 15578 15022 
1 3 5949 5920 7038 
1 8 7038 7024 7028 7027 9135 9136 9149 9138 
1 3 2543 2521 2929 
1 6 2543 2550 2527 2507 2511 2798 
1 7 2929 2915 2240 2227 2241 2223 2224 
1 8 2798 2535 2508 3692 3689 3693 3704 3685 
1 8 15688 15671 15715 15706 15672 15685 15675 16042 
1 8 765 769 731 757 1861 1864 1891 1882 
1 11 765 750 741 738 742 747 1636 1638 1634 1630 1657 
1 11 1657 1621 1637 1658 1642 1625 991 999 1003 1000 989 
1 5 989 1169 1127 1172 1165 
1 8 687 661 805 794 807 815 797 809 
1 9 9444 9401 9391 9384 9425 9395 9427 9426 4925 
1 6 13508 13499 13521 11728 11726 11725 
1 8 7373 7377 9487 9486 6765 6773 6753 6775 
1 14 6775 6753 6773 6765 9477 9488 9480 9481 6384 6399 6382 6395 6397 6387 
1 8 158 152 1186 1176 1188 1195 1184 1180 
1 19 18673 18664 18671 18659 18685 16816 17215 17204 18336 18329 18343 18332 18334 18324 18236 18246 18259 18225 18245 
