1 2
1 98
1 158
1 182
1 312
1 468
1 533
1 687
1 726
1 765
1 789
1 809
1 910
1 974
1 989
1 1165
1 1180
1 1291
1 1423
1 1484
1 1493
1 1573
1 1657
1 1697
1 1782
1 1882
1 2202
1 2224
1 2274
1 2335
1 2421
1 2543
1 2618
1 2660
1 2798
1 2885
1 2929
1 3037
1 3123
1 3301
1 3411
1 3516
1 3532
1 3645
1 3685
1 3839
1 3943
1 4000
1 4051
1 4136
1 4160
1 4195
1 4271
1 4288
1 4313
1 4535
1 4603
1 4615
1 4693
1 4748
1 4851
1 4892
1 4925
1 4969
1 4995
1 5012
1 5092
1 5098
1 5145
1 5192
1 5272
1 5323
1 5404
1 5412
1 5501
1 5525
1 5597
1 5658
1 5717
1 5949
1 6004
1 6071
1 6132
1 6213
1 6235
1 6280
1 6312
1 6354
1 6387
1 6423
1 6482
1 6617
1 6635
1 6678
1 6736
1 6775
1 6892
1 6966
1 7011
1 7038
1 7279
1 7291
1 7322
1 7373
1 7481
1 7521
1 7537
1 7647
1 7775
1 7788
1 7821
1 7878
1 7906
1 7984
1 8065
1 8082
1 8295
1 8322
1 8526
1 8588
1 8624
1 8775
1 8856
1 8884
1 8917
1 9086
1 9138
1 9248
1 9308
1 9333
1 9444
1 9506
1 9582
1 9639
1 9668
1 9725
1 9764
1 9817
1 9870
1 9993
1 10026
1 10059
1 10090
1 10270
1 10308
1 10350
1 10396
1 10448
1 10625
1 10733
1 10762
1 10819
1 10858
1 10891
1 10973
1 10989
1 11018
1 11081
1 11145
1 11305
1 11327
1 11377
1 11428
1 11449
1 11563
1 11598
1 11662
1 11725
1 11796
1 11819
1 11873
1 11922
1 11951
1 11997
1 12027
1 12073
1 12085
1 12096
1 12153
1 12212
1 12257
1 12270
1 12313
1 12393
1 12472
1 12534
1 12555
1 12630
1 12649
1 12692
1 12738
1 12797
1 12823
1 12856
1 12884
1 13027
1 13030
1 13065
1 13135
1 13262
1 13300
1 13343
1 13430
1 13474
1 13508
1 13577
1 13629
1 13662
1 13749
1 13777
1 13799
1 13905
1 13970
1 14056
1 14119
1 14162
1 14318
1 14380
1 14391
1 14505
1 14546
1 14659
1 14816
1 14897
1 14904
1 14931
1 14996
1 15022
1 15068
1 15106
1 15125
1 15216
1 15287
1 15296
1 15351
1 15373
1 15412
1 15443
1 15498
1 15529
1 15554
1 15688
1 15781
1 15840
1 15911
1 16003
1 16028
1 16042
1 16144
1 16224
1 16234
1 16269
1 16347
1 16380
1 16512
1 16660
1 17169
1 17298
1 17343
1 17709
1 17732
1 17848
1 17887
1 17905
1 18245
1 18315
1 18500
1 18600
1 18635
1 18673
1 18904
1 18927
1 18952
1 19061
1 19190
1 19238
1 19277
1 19342
1 19539
1 19617
